39,5
39,4
40,5
40,4
42,5
42,6
42,1
42,4
42,3
43,8
43,88
43,28
43,9
43,73
43,72
43,71
43,44
43,25
43,42
43,46
43,75
43,50
43,87
43,84
43,67
43,18
43,20
43,65
43,68
43,69
43,70
43,26
43,64
43,52
43,43
43,7
43,40
43,66
43,48
43,16
43,32
43,74
43,33
43,82
43,34
43,80
43,39
43,85
43,86
43,89
43,11
43,78
43,31
43,10
43,35
43,76
43,83
43,23
43,17
43,81
43,79
43,77
43,49
43,37
43,29
43,30
43,1
43,6
43,3
41,1
41,3
40,1
40,6
40,3
39,1
39,6
39,3
0,273
0,270
45,35
3,2
3,1
3,3
10,228
10,230
10,232
10,140
10,254
10,20
10,114
10,2
10,3
11,10
11,11
9,6
9,4
9,2
9,3
8,6
8,11
8,9
8,2
8,3
18,1
18,3
14,1
14,3
13,1
13,3
2,2
2,1
2,3
20,3
20,2
20,1
19,3
19,2
19,1
12,3
12,2
12,1
11,28
11,27
